0
0
0
0
0
4
4
4
4
4
8
8
8
8
8
12
12
12
12
12
20
20
20
20
20
36
36
36
36
36
40
40
40
40
40
44
44
44
44
44
48
48
48
48
48
20
20
20
20
20
36
36
36
36
36
40
40
40
40
40
44
44
44
44
44
48
48
48
48
48
20
20
20
20
20
36
36
36
36
36
40
40
40
40
40
44
44
44
44
44
48
48
48
48
48
20
20
20
20
20
36
36
36
36
36
40
40
40
40
40
44
44
44
44
44
48
48
48
48
48
20
20
20
20
20
36
36
36
36
36
40
40
40
40
40
44
44
44
44
44
48
48
48
48
48
20
20
20
20
20
36
36
36
36
36
40
40
40
40
40
44
44
44
44
44
48
48
48
48
48
20
20
20
20
20
36
36
36
36
36
40
40
40
40
40
44
44
44
44
44
48
48
48
48
48
20
20
20
20
20
36
36
36
36
36
40
40
40
40
40
44
44
44
44
44
48
48
48
48
48
20
20
20
20
20
24
24
24
24
24
28
28
28
28
28
32
32
32
32
32
52
52
52
52
52
56
56
56
56
56
60
60
60
60
60
64
64
64
64
64
68
68
68
68
68
72
72
72
72
72
52
52
52
52
52
56
56
56
56
56
60
60
60
60
60
64
64
64
64
64
68
68
68
68
68
72
72
72
72
72
52
52
52
52
52
56
56
56
56
56
60
60
60
60
60
64
64
64
64
64
68
68
68
68
68
72
72
72
72
72
52
52
52
52
52
56
56
56
56
56
60
60
60
60
60
64
64
64
64
64
68
68
68
68
68
72
72
72
72
72
52
52
52
52
52
56
56
56
56
56
60
60
60
60
60
64
64
64
64
64
68
68
68
68
68
72
72
72
72
72
52
52
52
52
52
56
56
56
56
56
60
60
60
60
60
64
64
64
64
64
68
68
68
68
68
72
72
72
72
72
52
52
52
52
52
56
56
56
56
56
60
60
60
60
60
64
64
64
64
64
68
68
68
68
68
72
72
72
72
72
52
52
52
52
52
56
56
56
56
56
60
60
60
60
60
64
64
64
64
64
68
68
68
68
68
72
72
72
72
72
16
16
16
16
16
76
