0
4
8
12
16
24
28
32
36
40
44
48
52
56
60
24
28
32
36
40
44
48
52
56
60
24
128
64
68
72
76
80
84
88
24
128
92
96
100
104
108
112
132
136
140
144
148
152
156
160
164
168
172
176
180
184
188
192
196
216
220
224
228
160
232
236
240
244
248
252
256
260
264
232
268
304
308
312
316
320
324
328
332
336
340
344
348
352
320
324
328
332
336
340
344
348
352
320
356
116
120
124
64
68
72
76
80
84
88
24
28
32
36
40
44
48
52
56
60
24
128
64
68
72
76
80
84
88
24
128
92
96
100
104
108
112
132
136
140
144
148
152
156
160
164
168
172
176
180
184
188
192
196
200
204
208
212
228
160
164
268
272
276
280
284
288
292
296
300
268
304
308
312
316
320
324
328
332
336
340
344
348
352
320
324
328
332
336
340
344
348
352
320
356
116
120
124
92
96
100
104
108
112
132
136
140
144
148
152
156
160
164
168
172
176
180
184
188
192
196
200
204
208
212
228
160
164
168
172
176
180
184
188
192
196
200
204
208
212
228
160
164
268
272
276
280
284
288
292
296
300
268
272
276
280
284
288
292
296
300
268
304
308
312
316
320
324
328
332
336
340
344
348
352
320
324
328
332
336
340
344
348
352
320
324
328
332
336
340
344
348
352
320
324
328
332
336
340
344
348
352
320
356
116
120
124
20
360
